GSEQ 5, Generalized Sequential Querier, 2024/5/20 上午 12:55:41

File:	HTC_Result_01.mds
Made:	MDS file saved by SDIS compiler Version 5.1 2024/5/20 上午 12:51:31
Type:	Event
Units:	events

Lag:	+1

#1

JNTF	Target:
Given:	MI	MII	MIII	MIV	MV	IG	BL	RG	PAD	PAS	PAN	LI	IBA	INAA	ISA	IGA	INBA	TB	TNA	TG	TNB	PS	PN	PD	CIB	TPGA	TPGB	TRG	TBG	TGG	RPGA	RPGB	RRG	RBG	RGG	AGPT	GPTA	Totals
MI	0	0	0	0	0	0	0	0	0	0	0	0	0	0	0	1	17	0	0	0	0	0	0	0	0	0	0	0	0	1	0	0	0	0	0	0	0	19
MII	0	0	0	0	0	0	0	0	0	2	0	0	0	0	0	0	1	0	0	0	0	14	0	0	0	0	0	0	0	0	0	0	0	0	0	0	0	17
MIII	0	0	0	0	0	0	0	0	0	0	0	0	0	0	0	8	3	0	2	0	0	1	0	0	0	0	0	1	0	1	0	0	0	0	0	0	0	16
MIV	0	0	0	0	0	0	0	0	0	0	0	0	0	0	0	0	0	0	0	1	0	0	11	0	0	0	0	0	1	0	0	0	0	0	0	0	0	13
MV	0	0	0	0	0	0	1	1	0	0	0	0	0	0	0	1	0	0	0	0	3	0	1	0	0	0	0	0	0	0	0	0	0	0	0	0	0	7
IG	0	0	0	0	0	0	0	0	0	0	0	0	16	0	0	0	0	0	0	0	0	0	0	0	0	1	1	0	1	0	0	0	0	0	0	0	0	19
BL	0	0	0	0	0	2	0	0	0	0	0	0	0	0	0	0	0	0	0	0	0	0	0	0	0	0	0	0	0	0	0	0	0	0	0	0	0	2
RG	0	0	0	0	0	2	0	0	0	0	0	0	1	0	0	0	0	0	0	0	0	0	0	0	0	0	0	0	0	0	0	0	0	0	0	0	0	3
PAD	0	0	0	0	0	0	0	0	0	0	0	0	0	0	0	0	0	0	0	0	0	0	0	0	0	0	0	0	0	0	0	0	0	0	0	0	0	0
PAS	0	0	0	0	0	0	0	0	0	1	0	0	0	0	0	0	1	0	0	0	0	19	0	0	0	0	0	0	0	0	0	0	0	0	0	0	0	21
PAN	0	0	0	0	0	0	0	0	0	0	0	0	0	0	0	0	0	0	0	0	0	0	15	0	0	0	0	0	0	0	0	0	0	0	0	0	0	15
LI	0	0	0	0	0	0	0	0	0	0	0	0	0	0	0	0	0	0	0	0	0	0	0	0	0	0	0	0	0	0	0	0	0	0	0	0	0	0
IBA	0	0	0	0	0	0	0	0	0	0	0	0	0	0	0	0	0	19	0	0	0	0	0	0	0	0	0	0	0	0	0	0	0	0	0	0	0	19
INAA	0	0	0	0	0	0	0	0	0	0	0	0	0	0	0	0	0	0	0	0	0	0	0	0	0	0	0	0	0	0	0	0	0	0	0	0	0	0
ISA	0	0	0	0	0	0	0	0	0	0	0	0	0	0	0	0	0	0	0	0	0	27	0	0	0	0	0	0	0	0	0	0	0	0	0	0	0	27
IGA	0	0	0	0	0	0	0	0	0	0	0	0	0	0	0	0	0	0	0	32	0	0	1	0	0	0	0	0	0	0	0	0	0	0	0	0	0	33
INBA	0	0	0	0	0	0	0	0	0	0	0	0	0	0	0	0	0	0	45	0	35	0	0	0	0	0	0	0	0	0	0	0	0	0	0	0	0	80
TB	19	0	0	0	0	0	0	0	0	0	0	0	0	0	0	0	0	0	0	0	0	0	0	0	0	0	0	0	0	0	0	0	0	0	0	0	0	19
TNA	0	0	16	0	0	0	0	0	0	0	0	0	0	0	16	2	5	0	5	0	0	4	0	0	0	0	0	1	0	2	0	0	0	0	0	0	0	51
TG	0	0	0	13	0	0	0	0	0	0	0	0	0	0	1	2	10	0	0	5	0	0	4	0	0	0	1	1	0	2	0	0	0	0	0	0	0	39
TNB	0	0	0	0	13	0	1	1	0	0	0	0	0	0	1	14	1	0	0	0	2	2	1	0	0	0	1	0	0	0	0	0	0	0	0	0	0	37
PS	0	17	0	0	0	0	0	0	0	18	0	0	0	0	5	3	21	0	1	0	0	171	0	0	0	1	0	0	1	0	0	0	0	0	0	0	0	238
PN	0	0	0	0	0	0	0	0	0	0	15	0	0	0	0	2	13	0	0	2	0	0	93	0	0	0	0	0	0	0	0	0	0	0	0	0	0	125
PD	0	0	0	0	0	0	0	0	0	0	0	0	0	0	0	0	0	0	0	0	0	0	0	0	0	0	0	0	0	0	0	0	0	0	0	0	0	0
CIB	0	0	0	0	0	0	0	0	0	0	0	0	0	0	0	0	0	0	0	0	0	0	0	0	0	0	0	0	0	0	0	0	0	0	0	0	0	0
TPGA	0	0	0	0	0	0	0	0	0	0	0	0	1	0	0	0	2	0	0	0	0	0	0	0	0	0	0	0	0	1	0	0	0	0	0	0	0	4
TPGB	0	0	0	0	0	0	0	0	0	0	0	0	1	0	1	0	1	0	0	0	0	0	0	0	0	1	0	0	0	0	0	0	0	0	0	0	0	4
TRG	0	0	0	0	0	0	0	0	0	0	0	0	0	0	0	0	2	0	0	0	0	0	0	0	0	1	0	0	1	0	0	0	0	0	0	0	0	4
TBG	0	0	0	0	0	0	0	1	0	0	0	0	0	0	1	0	1	0	0	0	0	1	0	0	0	0	0	0	0	0	0	0	0	0	0	0	0	4
TGG	0	0	0	0	0	0	0	0	0	0	0	0	0	0	2	0	2	0	0	0	0	0	0	0	0	0	1	2	0	0	0	0	0	0	0	0	0	7
RPGA	0	0	0	0	0	0	0	0	0	0	0	0	0	0	0	0	0	0	0	0	0	0	0	0	0	0	0	0	0	0	0	0	0	0	0	0	0	0
RPGB	0	0	0	0	0	0	0	0	0	0	0	0	0	0	0	0	0	0	0	0	0	0	0	0	0	0	0	0	0	0	0	0	0	0	0	0	0	0
RRG	0	0	0	0	0	0	0	0	0	0	0	0	0	0	0	0	0	0	0	0	0	0	0	0	0	0	0	0	0	0	0	0	0	0	0	0	0	0
RBG	0	0	0	0	0	0	0	0	0	0	0	0	0	0	0	0	0	0	0	0	0	0	0	0	0	0	0	0	0	0	0	0	0	0	0	0	0	0
RGG	0	0	0	0	0	0	0	0	0	0	0	0	0	0	0	0	0	0	0	0	0	0	0	0	0	0	0	0	0	0	0	0	0	0	0	0	0	0
AGPT	0	0	0	0	0	0	0	0	0	0	0	0	0	0	0	0	0	0	0	0	0	0	0	0	0	0	0	0	0	0	0	0	0	0	0	0	0	0
GPTA	0	0	0	0	0	0	0	0	0	0	0	0	0	0	0	0	0	0	0	0	0	0	0	0	0	0	0	0	0	0	0	0	0	0	0	0	0	0
Totals	19	17	16	13	13	4	2	3	0	21	15	0	19	0	27	33	80	19	53	40	40	239	126	0	0	4	4	5	4	7	0	0	0	0	0	0	0	823

ADJR	Target:
Given:	MI	MII	MIII	MIV	MV	IG	BL	RG	PAD	PAS	PAN	LI	IBA	INAA	ISA	IGA	INBA	TB	TNA	TG	TNB	PS	PN	PD	CIB	TPGA	TPGB	TRG	TBG	TGG	RPGA	RPGB	RRG	RBG	RGG	AGPT	GPTA
MI	-0.68	-0.64	-0.62	-0.56	-0.56	-0.31	-0.22	-0.27	0.00	-0.71	-0.60	0.00	-0.68	0.00	-0.81	0.28	11.87	-0.68	-1.16	-1.00	-1.00	-2.82	-1.88	0.00	0.00	-0.31	-0.31	-0.34	-0.31	2.12	0.00	0.00	0.00	0.00	0.00	0.00	0.00
MII	-0.64	-0.61	-0.59	-0.53	-0.53	-0.29	-0.21	-0.25	0.00	2.43	-0.57	0.00	-0.64	0.00	-0.77	-0.85	-0.54	-0.64	-1.09	-0.94	-0.94	4.89	-1.77	0.00	0.00	-0.29	-0.29	-0.33	-0.29	-0.39	0.00	0.00	0.00	0.00	0.00	0.00	0.00
MIII	-0.62	-0.59	-0.57	-0.51	-0.51	-0.28	-0.20	-0.24	0.00	-0.65	-0.55	0.00	-0.62	0.00	-0.74	9.47	1.23	-0.62	1.00	-0.91	-0.91	-2.03	-1.72	0.00	0.00	-0.28	-0.28	2.93	-0.28	2.38	0.00	0.00	0.00	0.00	0.00	0.00	0.00
MIV	-0.56	-0.53	-0.51	-0.46	-0.46	-0.25	-0.18	-0.22	0.00	-0.59	-0.50	0.00	-0.56	0.00	-0.67	-0.74	-1.19	-0.56	-0.95	0.48	-0.82	-2.32	7.00	0.00	0.00	-0.25	-0.25	-0.28	3.77	-0.34	0.00	0.00	0.00	0.00	0.00	0.00	0.00
MV	-0.41	-0.39	-0.37	-0.34	-0.34	-0.19	7.58	6.14	0.00	-0.43	-0.36	0.00	-0.41	0.00	-0.49	1.39	-0.87	-0.41	-0.70	-0.60	4.70	-1.70	-0.08	0.00	0.00	-0.19	-0.19	-0.21	-0.19	-0.25	0.00	0.00	0.00	0.00	0.00	0.00	0.00
IG	-0.68	-0.64	-0.62	-0.56	-0.56	-0.31	-0.22	-0.27	0.00	-0.71	-0.60	0.00	24.05	0.00	-0.81	-0.90	-1.45	-0.68	-1.16	-1.00	-1.00	-2.82	-1.88	0.00	0.00	3.03	3.03	-0.34	3.03	-0.41	0.00	0.00	0.00	0.00	0.00	0.00	0.00
BL	-0.22	-0.21	-0.20	-0.18	-0.18	20.26	-0.07	-0.09	0.00	-0.23	-0.19	0.00	-0.22	0.00	-0.26	-0.29	-0.46	-0.22	-0.37	-0.32	-0.32	-0.91	-0.60	0.00	0.00	-0.10	-0.10	-0.11	-0.10	-0.13	0.00	0.00	0.00	0.00	0.00	0.00	0.00
RG	-0.27	-0.25	-0.24	-0.22	-0.22	16.51	-0.09	-0.10	0.00	-0.28	-0.24	0.00	3.58	0.00	-0.32	-0.35	-0.57	-0.27	-0.46	-0.39	-0.39	-1.11	-0.74	0.00	0.00	-0.12	-0.12	-0.14	-0.12	-0.16	0.00	0.00	0.00	0.00	0.00	0.00	0.00
PAD	0.00	0.00	0.00	0.00	0.00	0.00	0.00	0.00	0.00	0.00	0.00	0.00	0.00	0.00	0.00	0.00	0.00	0.00	0.00	0.00	0.00	0.00	0.00	0.00	0.00	0.00	0.00	0.00	0.00	0.00	0.00	0.00	0.00	0.00	0.00	0.00	0.00
PAS	-0.71	-0.67	-0.65	-0.59	-0.59	-0.32	-0.23	-0.28	0.00	0.65	-0.63	0.00	-0.71	0.00	-0.85	-0.95	-0.78	-0.71	-1.22	-1.05	-1.05	6.28	-1.97	0.00	0.00	-0.32	-0.32	-0.36	-0.32	-0.43	0.00	0.00	0.00	0.00	0.00	0.00	0.00
PAN	-0.60	-0.57	-0.55	-0.50	-0.50	-0.27	-0.19	-0.24	0.00	-0.63	-0.53	0.00	-0.60	0.00	-0.72	-0.80	-1.28	-0.60	-1.03	-0.88	-0.88	-2.50	9.19	0.00	0.00	-0.27	-0.27	-0.31	-0.27	-0.36	0.00	0.00	0.00	0.00	0.00	0.00	0.00
LI	0.00	0.00	0.00	0.00	0.00	0.00	0.00	0.00	0.00	0.00	0.00	0.00	0.00	0.00	0.00	0.00	0.00	0.00	0.00	0.00	0.00	0.00	0.00	0.00	0.00	0.00	0.00	0.00	0.00	0.00	0.00	0.00	0.00	0.00	0.00	0.00	0.00
IBA	-0.68	-0.64	-0.62	-0.56	-0.56	-0.31	-0.22	-0.27	0.00	-0.71	-0.60	0.00	-0.68	0.00	-0.81	-0.90	-1.45	28.69	-1.16	-1.00	-1.00	-2.82	-1.88	0.00	0.00	-0.31	-0.31	-0.34	-0.31	-0.41	0.00	0.00	0.00	0.00	0.00	0.00	0.00
INAA	0.00	0.00	0.00	0.00	0.00	0.00	0.00	0.00	0.00	0.00	0.00	0.00	0.00	0.00	0.00	0.00	0.00	0.00	0.00	0.00	0.00	0.00	0.00	0.00	0.00	0.00	0.00	0.00	0.00	0.00	0.00	0.00	0.00	0.00	0.00	0.00	0.00
ISA	-0.81	-0.77	-0.74	-0.67	-0.67	-0.37	-0.26	-0.32	0.00	-0.85	-0.72	0.00	-0.81	0.00	-0.97	-1.08	-1.73	-0.81	-1.39	-1.19	-1.19	8.26	-2.25	0.00	0.00	-0.37	-0.37	-0.41	-0.37	-0.49	0.00	0.00	0.00	0.00	0.00	0.00	0.00
IGA	-0.90	-0.85	-0.83	-0.74	-0.74	-0.41	-0.29	-0.35	0.00	-0.95	-0.80	0.00	-0.90	0.00	-1.08	-1.20	-1.92	-0.90	-1.54	25.12	-1.33	-3.75	-2.00	0.00	0.00	-0.41	-0.41	-0.46	-0.41	-0.54	0.00	0.00	0.00	0.00	0.00	0.00	0.00
INBA	-1.45	-1.37	-1.33	-1.19	-1.19	-0.66	-0.46	-0.57	0.00	-1.52	-1.28	0.00	-1.45	0.00	-1.73	-1.92	-3.09	-1.45	19.10	-2.13	17.02	-6.02	-4.00	0.00	0.00	-0.66	-0.66	-0.74	-0.66	-0.87	0.00	0.00	0.00	0.00	0.00	0.00	0.00
TB	28.69	-0.64	-0.62	-0.56	-0.56	-0.31	-0.22	-0.27	0.00	-0.71	-0.60	0.00	-0.68	0.00	-0.81	-0.90	-1.45	-0.68	-1.16	-1.00	-1.00	-2.82	-1.88	0.00	0.00	-0.31	-0.31	-0.34	-0.31	-0.41	0.00	0.00	0.00	0.00	0.00	0.00	0.00
TNA	-1.13	-1.07	15.72	-0.93	-0.93	-0.52	-0.36	-0.45	0.00	-1.19	-1.00	0.00	-1.13	0.00	11.63	-0.03	0.02	-1.13	1.01	-1.67	-1.67	-3.44	-3.14	0.00	0.00	-0.52	-0.52	1.28	-0.52	2.47	0.00	0.00	0.00	0.00	0.00	0.00	0.00
TG	-0.98	-0.93	-0.90	16.30	-0.81	-0.45	-0.32	-0.39	0.00	-1.04	-0.87	0.00	-0.98	0.00	-0.26	0.36	3.44	-0.98	-1.68	2.37	-1.45	-4.09	-0.90	0.00	0.00	-0.45	1.91	1.61	-0.45	2.98	0.00	0.00	0.00	0.00	0.00	0.00	0.00
TNB	-0.96	-0.90	-0.88	-0.79	16.75	-0.43	3.11	2.41	0.00	-1.01	-0.85	0.00	-0.96	0.00	-0.20	10.73	-1.47	-0.96	-1.63	-1.41	0.16	-3.24	-2.18	0.00	0.00	-0.43	1.98	-0.49	-0.43	-0.58	0.00	0.00	0.00	0.00	0.00	0.00	0.00
PS	-2.81	6.53	-2.58	-2.32	-2.32	-1.28	-0.90	-1.11	0.00	5.82	-2.49	0.00	-2.81	0.00	-1.21	-2.56	-0.55	-2.81	-4.49	-4.14	-4.14	17.26	-7.78	0.00	0.00	-0.17	-1.28	-1.43	-0.17	-1.69	0.00	0.00	0.00	0.00	0.00	0.00	0.00
PN	-1.87	-1.76	-1.71	-1.54	-1.54	-0.85	-0.60	-0.73	0.00	-1.96	9.24	0.00	-1.87	0.00	-2.24	-1.49	0.28	-1.87	-3.19	-1.84	-2.74	-7.77	19.92	0.00	0.00	-0.85	-0.85	-0.95	-0.85	-1.12	0.00	0.00	0.00	0.00	0.00	0.00	0.00
PD	0.00	0.00	0.00	0.00	0.00	0.00	0.00	0.00	0.00	0.00	0.00	0.00	0.00	0.00	0.00	0.00	0.00	0.00	0.00	0.00	0.00	0.00	0.00	0.00	0.00	0.00	0.00	0.00	0.00	0.00	0.00	0.00	0.00	0.00	0.00	0.00	0.00
CIB	0.00	0.00	0.00	0.00	0.00	0.00	0.00	0.00	0.00	0.00	0.00	0.00	0.00	0.00	0.00	0.00	0.00	0.00	0.00	0.00	0.00	0.00	0.00	0.00	0.00	0.00	0.00	0.00	0.00	0.00	0.00	0.00	0.00	0.00	0.00	0.00	0.00
TPGA	-0.31	-0.29	-0.28	-0.25	-0.25	-0.14	-0.10	-0.12	0.00	-0.32	-0.27	0.00	3.03	0.00	-0.37	-0.41	2.73	-0.31	-0.53	-0.45	-0.45	-1.28	-0.85	0.00	0.00	-0.14	-0.14	-0.16	-0.14	5.27	0.00	0.00	0.00	0.00	0.00	0.00	0.00
TPGB	-0.31	-0.29	-0.28	-0.25	-0.25	-0.14	-0.10	-0.12	0.00	-0.32	-0.27	0.00	3.03	0.00	2.44	-0.41	1.03	-0.31	-0.53	-0.45	-0.45	-1.28	-0.85	0.00	0.00	7.07	-0.14	-0.16	-0.14	-0.19	0.00	0.00	0.00	0.00	0.00	0.00	0.00
TRG	-0.31	-0.29	-0.28	-0.25	-0.25	-0.14	-0.10	-0.12	0.00	-0.32	-0.27	0.00	-0.31	0.00	-0.37	-0.41	2.73	-0.31	-0.53	-0.45	-0.45	-1.28	-0.85	0.00	0.00	7.07	-0.14	-0.16	7.07	-0.19	0.00	0.00	0.00	0.00	0.00	0.00	0.00
TBG	-0.31	-0.29	-0.28	-0.25	-0.25	-0.14	-0.10	8.20	0.00	-0.32	-0.27	0.00	-0.31	0.00	2.44	-0.41	1.03	-0.31	-0.53	-0.45	-0.45	-0.18	-0.85	0.00	0.00	-0.14	-0.14	-0.16	-0.14	-0.19	0.00	0.00	0.00	0.00	0.00	0.00	0.00
TGG	-0.41	-0.39	-0.37	-0.34	-0.34	-0.19	-0.13	-0.16	0.00	-0.43	-0.36	0.00	-0.41	0.00	3.77	-0.54	1.69	-0.41	-0.70	-0.60	-0.60	-1.70	-1.13	0.00	0.00	-0.19	5.27	9.56	-0.19	-0.25	0.00	0.00	0.00	0.00	0.00	0.00	0.00
RPGA	0.00	0.00	0.00	0.00	0.00	0.00	0.00	0.00	0.00	0.00	0.00	0.00	0.00	0.00	0.00	0.00	0.00	0.00	0.00	0.00	0.00	0.00	0.00	0.00	0.00	0.00	0.00	0.00	0.00	0.00	0.00	0.00	0.00	0.00	0.00	0.00	0.00
RPGB	0.00	0.00	0.00	0.00	0.00	0.00	0.00	0.00	0.00	0.00	0.00	0.00	0.00	0.00	0.00	0.00	0.00	0.00	0.00	0.00	0.00	0.00	0.00	0.00	0.00	0.00	0.00	0.00	0.00	0.00	0.00	0.00	0.00	0.00	0.00	0.00	0.00
RRG	0.00	0.00	0.00	0.00	0.00	0.00	0.00	0.00	0.00	0.00	0.00	0.00	0.00	0.00	0.00	0.00	0.00	0.00	0.00	0.00	0.00	0.00	0.00	0.00	0.00	0.00	0.00	0.00	0.00	0.00	0.00	0.00	0.00	0.00	0.00	0.00	0.00
RBG	0.00	0.00	0.00	0.00	0.00	0.00	0.00	0.00	0.00	0.00	0.00	0.00	0.00	0.00	0.00	0.00	0.00	0.00	0.00	0.00	0.00	0.00	0.00	0.00	0.00	0.00	0.00	0.00	0.00	0.00	0.00	0.00	0.00	0.00	0.00	0.00	0.00
RGG	0.00	0.00	0.00	0.00	0.00	0.00	0.00	0.00	0.00	0.00	0.00	0.00	0.00	0.00	0.00	0.00	0.00	0.00	0.00	0.00	0.00	0.00	0.00	0.00	0.00	0.00	0.00	0.00	0.00	0.00	0.00	0.00	0.00	0.00	0.00	0.00	0.00
AGPT	0.00	0.00	0.00	0.00	0.00	0.00	0.00	0.00	0.00	0.00	0.00	0.00	0.00	0.00	0.00	0.00	0.00	0.00	0.00	0.00	0.00	0.00	0.00	0.00	0.00	0.00	0.00	0.00	0.00	0.00	0.00	0.00	0.00	0.00	0.00	0.00	0.00
GPTA	0.00	0.00	0.00	0.00	0.00	0.00	0.00	0.00	0.00	0.00	0.00	0.00	0.00	0.00	0.00	0.00	0.00	0.00	0.00	0.00	0.00	0.00	0.00	0.00	0.00	0.00	0.00	0.00	0.00	0.00	0.00	0.00	0.00	0.00	0.00	0.00	0.00
