
File:	Quest Result _v05.mds
Made:	MDS file saved by SDIS compiler Version 5.1 2024/5/22 ¤U¤È 02:11:21
Type:	Event
Units:	events

Lag:	+1

#1

JNTF	Target:
Given:	US	SQ	EP	EE	CT	MC	PO	LM	O	RC	Totals
US	22	19	0	17	9	0	0	0	19	0	86
SQ	7	109	35	38	13	1	12	3	36	2	256
EP	0	0	0	20	0	0	10	0	5	0	35
EE	18	16	0	58	182	22	50	0	33	1	380
CT	12	17	0	112	72	49	31	1	44	0	338
MC	4	22	0	19	14	0	18	6	9	1	93
PO	1	7	0	13	13	17	7	86	10	1	155
LM	3	8	0	32	18	0	17	76	17	0	171
O	16	45	0	57	16	4	7	0	57	43	245
RC	2	9	0	17	2	0	3	0	16	0	49
Totals	85	252	35	383	339	93	155	172	246	48	1808

ADJR	Target:
Given:	US	SQ	EP	EE	CT	MC	PO	LM	O	RC
US	9.37	2.24	-1.34	-0.33	-2.02	-2.21	-2.91	-3.08	2.35	-1.57
SQ	-1.60	14.28	14.71	-2.68	-6.05	-3.72	-2.40	-4.91	0.23	-2.01
EP	-1.33	-2.40	-0.84	5.26	-2.87	-1.39	4.27	-1.94	0.12	-0.99
EE	0.04	-6.16	-3.08	-3.18	16.38	0.64	3.59	-7.11	-3.15	-3.26
CT	-1.11	-5.24	-2.86	5.96	1.33	8.63	0.44	-6.41	-0.35	-3.37
MC	-0.19	2.78	-1.39	-0.18	-0.94	-2.31	3.81	-1.03	-1.13	-0.97
PO	-2.50	-3.54	-1.83	-4.08	-3.46	3.43	-1.89	20.40	-2.72	-1.63
LM	-1.91	-3.67	-1.93	-0.83	-2.90	-3.20	0.67	16.36	-1.47	-2.27
O	1.45	2.15	-2.37	0.86	-5.27	-2.68	-3.44	-5.46	4.74	15.60
RC	-0.21	0.91	-1.00	2.35	-2.67	-1.65	-0.62	-2.30	3.94	-1.17